betheTimes =

    0.3266    0.3675    0.2620    0.2653    0.2519    0.2647    0.3016    0.2486    0.2695    0.2511


lbpTimes =

    3.2481    3.2388    3.3842    3.2062    3.2211    3.2430    3.1690    3.2218    3.1435    4.0401


JTTimes =

   46.1143   45.7748   44.9557   45.1166   45.1054   46.6262   44.2691   45.1190   45.1161   44.6587

NOTE: for 50 loops, very similar.
